2.603236903558714746e-02 4.244209388027380715e-03 1.347359680487806959e-03 1.515258110233013711e-01 2.448631812522306540e-03 8.064732430611007974e-01 1.347359680487806959e-03 2.714733146149229427e-03 1.639485285714662203e-03 2.226797886621482807e-03
3.685175145140219023e-03 1.165917385268341600e-01 6.917508865410101383e-03 4.992026235645289842e-03 7.473314333052535341e-01 6.818372986113579309e-03 6.917508865410101383e-03 7.282703882874255741e-02 9.181320463508698196e-03 2.473787677794170650e-02
1.054694694518712407e-03 9.620487976912530659e-01 1.073512954207927507e-03 1.554287124863005685e-03 1.900680589179441424e-02 2.265792311942266268e-03 1.073512954207927507e-03 7.313937151758430864e-03 1.412488226758098998e-03 3.196170998695772696e-03
2.529399214988280967e-03 5.332225063670698387e-03 3.597408918437445813e-01 2.856430605771142963e-03 4.936104368735562235e-03 3.665577582201678085e-03 3.597408918437445813e-01 1.198095523561359781e-02 2.240734253537527143e-01 2.514409888777709157e-02
2.688756746123618663e-03 1.767025550029837147e-02 1.553731579642585008e-02 3.427071958728828381e-03 1.632314543999259168e-02 4.817322927689231607e-03 1.553731579642585008e-02 2.322858471030368188e-01 2.746578110864921277e-02 6.642471876226296867e-01
4.396503507984528963e-03 2.940900352214160796e-01 6.779620666657425535e-03 6.101080575176522774e-03 5.767347113626435373e-01 8.484532198232962522e-03 6.779620666657425535e-03 6.461445029337958834e-02 8.989423919439258961e-03 2.303002158841261846e-02
8.321866844381939909e-01 2.893053373887764530e-03 1.325658772558020336e-03 1.185242791935964685e-01 1.889216159279799839e-03 3.624465374357655617e-02 1.325658772558020336e-03 2.149326417570997325e-03 1.557982369824536736e-03 1.903486758953845974e-03
4.881850030181160600e-03 7.195711657306431697e-01 5.440869722238846073e-03 7.016665504379215532e-03 1.886394886586237885e-01 9.827662860921888496e-03 5.440869722238846073e-03 3.622172848417548607e-02 7.070966652839673523e-03 1.588873263375808337e-02
9.257833338020206478e-04 2.397613388776879007e-03 4.181604737160872221e-01 1.063281416452538809e-03 2.411813754709953884e-03 1.358511856093052748e-03 4.181604737160872221e-01 6.035051225396330550e-03 1.354453592859401756e-01 1.404163830665444875e-02
2.269791289328439432e-01 1.198794435963906370e-02 4.322603740380184627e-03 6.004188513694586060e-01 7.709057290147735761e-03 1.247462309317447365e-01 4.322603740380184627e-03 7.841593085411893704e-03 5.093828974453225474e-03 6.578157575540366508e-03
5.181633891067665343e-04 1.312762642227036829e-03 4.404071687787903810e-01 5.945029073781959170e-04 1.300376056449459479e-03 7.614857209596625261e-04 4.404071687787903810e-01 3.287461638236889756e-03 1.037054813561993499e-01 7.705428731861983620e-03
5.079994786087936283e-04 1.191301734784873216e-03 4.739860322800902859e-01 5.758867405606442292e-04 1.188299505303080494e-03 7.275446806580249505e-04 4.739860322800902859e-01 2.746483145679152419e-03 3.936391809989873980e-02 5.726502054326190749e-03
3.836435568012726716e-03 7.482754075040867064e-03 3.745897039942877593e-01 4.278184493969840706e-03 6.951183012485926023e-03 5.419892201548311833e-03 3.745897039942877593e-01 1.575710932338133391e-02 1.766057846834063749e-01 3.048924865357930877e-02
4.624671091484193475e-02 5.559993913447496515e-03 2.002168131470534029e-03 1.959973952058799429e-01 3.276372578643845564e-03 7.354575052656777689e-01 2.002168131470534029e-03 3.810858698086617025e-03 2.432123779373798148e-03 3.214703381107432249e-03
2.022673448703970686e-03 5.665314034415250971e-02 3.733116573871215170e-03 2.729919491213155143e-03 8.761766198290872332e-01 3.688140965561075880e-03 3.733116573871215170e-03 3.376289607103338114e-02 4.895133879553383548e-03 1.260524282295273635e-02
4.559487707909700566e-02 7.178998422039575833e-03 2.643802129549524971e-03 1.315056338390905022e-01 4.185809404402573465e-03 7.936975910764698661e-01 2.643802129549524971e-03 5.040776509239931757e-03 3.231518052446852914e-03 4.277191358114610514e-03
1.595950751977808293e-02 6.651984554456422671e-01 1.317478502381910430e-02 2.476191224089353132e-02 9.284069064352769296e-02 3.977290185472179967e-02 1.317478502381910430e-02 7.913467707258108053e-02 1.760321406324283355e-02 3.837907111197462473e-02
3.875912121756242695e-03 1.553085972953974041e-02 6.392219841069150810e-02 4.712133094331642617e-03 1.508601079180953673e-02 6.377133984783478829e-03 6.392219841069150810e-02 6.901356785826107121e-02 1.627813651628503278e-01 5.947786204352849548e-01
1.226182999673635027e-03 3.222755114359300566e-03 3.995589361672467477e-01 1.409966218994272496e-03 3.264025910026854046e-03 1.800814589370740987e-03 3.995589361672467477e-01 8.170128507312225674e-03 1.627258685620434353e-01 1.906238576372602453e-02
3.138796292992064758e-04 3.700747176824932191e-03 1.033800069205495584e-03 4.149916482071364294e-04 3.230919065059782713e-03 5.942439332251718857e-04 1.033800069205495584e-03 9.787504031637414004e-01 1.596659857773584205e-03 9.330555387457861727e-03
9.377696835020084276e-02 3.598868588188351009e-02 8.613822442554874836e-03 3.168199575921246125e-01 1.997308517669246081e-02 4.711900843192346477e-01 8.613822442554874836e-03 1.948375869519660894e-02 1.049458342985286861e-02 1.504523166970455662e-02
3.016729681130247368e-03 8.298051577132089518e-01 3.469765637095513153e-03 4.340637315731314845e-03 1.097033766035815094e-01 6.149842120878988225e-03 3.469765637095513153e-03 2.499322770182320352e-02 4.546869509348818589e-03 1.050462808010584753e-02
2.412568864727132698e-03 4.973885623214399296e-03 4.262103273375608126e-01 2.690815721082269029e-03 4.853898655247114099e-03 3.362054972319151579e-03 4.262103273375608126e-01 1.046819361959546238e-02 9.900515608950241631e-02 1.981277177919027813e-02
1.683770973344193888e-03 4.499084352588455377e-03 3.806085652700345601e-01 1.938134134703150104e-03 4.603684651414976896e-03 2.472283443626011393e-03 3.806085652700345601e-01 1.145904071151618124e-02 1.855280780677843466e-01 2.659879312495350839e-02
4.803026976387414493e-02 2.641930851581298159e-02 6.877328879230022382e-03 1.209603842759506831e-01 1.364418206623965561e-02 7.399484810532912515e-01 6.877328879230022382e-03 1.602932039147836329e-02 8.624499930811824200e-03 1.258889624408104577e-02
5.370249043304003295e-03 2.531239095142938725e-02 6.893059878926689754e-02 6.557897553153701695e-03 2.831114901087421198e-02 8.725460656798390835e-03 6.893059878926689754e-02 1.231193929935712472e-01 1.207222476702584091e-01 5.440200145420768241e-01
1.507705986689633904e-01 7.244212994637851989e-03 2.608075428772121170e-03 7.251089012765221664e-01 4.597241792098612570e-03 9.522434772472347653e-02 2.608075428772121170e-03 4.758706367385037890e-03 3.085286798630757464e-03 3.994553519494578944e-03
1.758147753684887989e-03 9.641392119902244748e-03 1.201569420714635773e-02 2.219336975935667488e-03 8.548224284543604057e-03 3.122319260274779296e-03 1.201569420714635773e-02 7.660165754340182709e-02 2.305326067030948403e-02 8.510242729776548165e-01
9.642305526225225607e-04 5.687120568877542665e-03 7.027559271005044857e-03 1.212964253719501541e-03 5.601103055637180264e-03 1.678639555844830449e-03 7.027559271005044857e-03 5.368173543254587537e-02 1.282759925034632903e-02 9.042914887883960473e-01
8.955859650613295269e-04 2.343782307210750745e-03 3.591129616149868475e-01 1.032125658844788895e-03 2.322172806074502237e-03 1.327745153629631986e-03 3.591129616149868475e-01 6.062719588101044693e-03 2.529032220487110183e-01 1.488672324239308405e-02
4.606224821934894187e-03 1.746987489432020105e-02 9.930020229119805586e-02 5.552835828218269029e-03 1.739192352936697050e-02 7.433412598359107407e-03 9.930020229119805586e-02 7.022681838240436847e-02 2.657519045640208688e-01 4.129666007989792331e-01
1.608063713012126191e-03 8.142670161574333196e-03 1.652403228265612173e-02 1.989040424929611108e-03 8.409329055636542358e-03 2.703469213627995513e-03 1.652403228265612173e-02 5.145090712963811680e-02 3.172079676692911993e-02 8.609276589693399817e-01
3.938774646402024709e-03 4.555239909006952165e-02 1.149007698684853529e-02 5.268636322577390299e-03 3.218934973218788576e-02 7.728805949371311650e-03 1.149007698684853529e-02 7.717710300804914159e-01 1.790314328996492343e-02 9.266770691523858183e-02
8.042121245738226157e-04 2.084587671466295485e-03 4.022818246690668120e-01 9.250219467673984671e-04 2.075097971724190835e-03 1.186438175670292711e-03 4.022818246690668120e-01 5.313577679458701859e-03 1.703319911138762854e-01 1.271542397832937758e-02
2.280176144879456079e-02 5.942303256599893446e-01 1.614758740047491509e-02 3.629515390298051342e-02 1.052838692636073742e-01 5.899382843817108785e-02 1.614758740047491509e-02 8.473214372676105000e-02 2.132164493087459686e-02 4.404609782787161087e-02
7.701431806466946944e-05 2.064531023572616607e-04 9.948072865102540463e-03 8.947764522107457777e-05 1.975795829872011304e-04 1.168866221671951153e-04 9.948072865102540463e-03 5.644535358046464443e-04 9.773006099344174746e-01 1.551379528775387491e-03
3.589722206723665147e-03 8.461981000417200249e-01 4.550553526529549711e-03 5.194729943738835704e-03 6.189161155978036011e-02 7.744579754127481515e-03 4.550553526529549711e-03 4.419450214255954412e-02 6.187564846785158917e-03 1.589808245150573993e-02
1.422787488851306450e-03 3.286083181140906934e-03 3.101768826101506948e-01 1.625259219274123156e-03 3.074737164180482273e-03 2.101874910947627764e-03 3.101768826101506948e-01 7.925618289148773227e-03 3.419797967879883993e-01 1.823007773816712543e-02
4.026105606186927352e-03 2.513629480425792415e-02 2.157645288015603083e-02 5.153500260840206300e-03 2.123742699797130304e-02 7.348390961036599042e-03 2.157645288015603083e-02 2.560157247477327092e-01 3.886987909805078578e-02 5.990597717636115815e-01
4.311804716646300707e-04 1.078860579077707505e-03 4.623464264560021575e-01 4.934682890814200964e-04 1.074667595888720599e-03 6.296797889758016424e-04 4.623464264560021575e-01 2.652454215715421490e-03 6.291724121306706274e-02 6.029594934524970529e-03
3.453378943398714013e-02 2.872824744393533743e-03 9.833552140570685045e-04 8.402017607803814458e-01 1.731911054765755773e-03 1.140713443031343699e-01 9.833552140570685045e-04 1.877143984585344415e-03 1.181488425656369596e-03 1.563026844982052122e-03
9.365734968928431103e-02 7.815870315206092933e-03 2.978367083869560596e-03 3.913374087348906460e-01 4.702278235473860736e-03 4.827859641500733545e-01 2.978367083869560596e-03 5.473823288780824831e-03 3.597141022127928276e-03 4.673430396424068170e-03
6.783434555061479410e-02 5.271784077774592514e-02 1.109255388286999044e-02 1.706370656788634421e-01 2.600312397456172250e-02 5.976654762478892380e-01 1.109255388286999044e-02 2.801772176516254334e-02 1.390320600048600835e-02 2.103611223893633864e-02
5.502341667605920202e-04 1.386567284997359487e-03 8.983914409186395666e-02 6.352848560425792277e-04 1.309241600156380156e-03 8.277569615979079838e-04 8.983914409186395666e-02 3.601489130140909586e-03 8.028149247992802939e-01 9.196213017296069048e-03
8.838030579806825660e-02 1.098847104020507920e-01 1.772856744590363062e-02 2.005506657230817502e-01 5.186636648200327465e-02 4.083059868336247344e-01 1.772856744590363062e-02 4.869533124694771370e-02 2.213673399064673003e-02 3.472276463176949407e-02
1.350694652400162479e-04 1.501437532801107918e-03 4.880616611757123530e-04 1.770691600374187775e-04 1.482162364478116718e-03 2.502580744224505173e-04 4.880616611757123530e-04 9.900028708064276817e-01 7.521949707818768437e-04 4.722814303459687592e-03
9.640751900791200146e-01 6.865636964925208360e-04 3.110840323877617350e-04 2.568854401627045786e-02 4.541796891814689767e-04 7.161700972826529413e-03 3.110840323877617350e-04 5.036559917763683758e-04 3.637385085511161552e-04 4.442589810057471773e-04
8.401376299037050660e-03 7.106367604525132275e-02 2.580679954306663512e-02 1.118166684131663077e-02 4.728227199878556192e-02 1.665113321677383698e-02 2.580679954306663512e-02 5.380248713945048333e-01 4.179243562615764240e-02 2.139889694920398822e-01
5.721842830665575530e-01 2.131374694953149657e-02 1.067897549705527568e-02 2.196189741052029520e-01 1.513085169426996862e-02 1.077926178372256016e-01 1.067897549705527568e-02 1.604293076781264024e-02 1.218390492602986971e-02 1.437473965925932691e-02
1.662979120971715130e-02 2.845203523719570023e-03 9.849208080368687755e-04 5.794506014872526783e-02 1.640793221993766884e-03 9.142165863649652779e-01 9.849208080368687755e-04 1.931729827510553655e-03 1.204702338970176350e-03 1.616291748324481976e-03
9.298908035179980283e-03 2.724211457453493135e-01 1.067833345016749001e-02 1.297630648827254388e-02 5.685120677714343707e-01 1.718338766785194524e-02 1.067833345016749001e-02 5.672269055652019720e-02 1.347041924659542894e-02 2.805840758846101304e-02
7.122801369251540804e-04 3.450728814664595460e-03 7.455006927362191511e-03 8.811207900981342638e-04 3.391469625359066001e-03 1.205878869019811261e-03 7.455006927362191511e-03 2.101610484257105879e-02 1.530806645612070929e-02 9.391243366105169743e-01
8.802798796297073985e-03 7.536075576295296896e-01 7.571801333509869426e-03 1.316080610454901240e-02 1.184888495717150575e-01 1.883452340342683246e-02 7.571801333509869426e-03 4.176598032817317036e-02 9.770124529703751171e-03 2.042575696958580031e-02
6.940362650899023489e-01 1.376487863959622096e-02 7.393779595130020414e-03 1.586198225252466731e-01 9.655853410149291965e-03 8.009300649374181957e-02 7.393779595130020414e-03 1.076457816411498236e-02 8.461085365971817221e-03 9.816951121016992410e-03
4.418046382383866710e-02 3.915423349221420352e-03 1.301221164309574385e-03 8.331415691444793437e-01 2.371598976944550366e-03 1.076511894096657401e-01 1.301221164309574385e-03 2.505746158973869327e-03 1.559643228313112003e-03 2.071923579944176703e-03
3.353254566199696026e-03 4.279894114189266435e-02 1.136673152383344508e-02 4.391661707143655960e-03 5.462175031408265241e-02 6.097042798481453266e-03 1.136673152383344508e-02 7.693228733516845885e-01 1.666473337439990099e-02 8.001627969844836430e-02
1.478114390257734539e-03 5.347196271053716865e-02 2.501829113708571757e-03 2.015413351173690141e-03 9.015754681104095614e-01 2.741407473029079406e-03 2.501829113708571757e-03 2.213066929392143098e-02 3.281263193458516542e-03 8.302043249795613283e-03
1.247320114418016823e-01 2.280966874679919015e-02 9.812231666083475953e-03 2.151753055942857151e-01 1.355245709747041581e-02 5.590992265756927759e-01 9.812231666083475953e-03 1.753954363917770154e-02 1.202923562577539254e-02 1.543808794683027702e-02
1.726216097350213585e-01 8.853620651043817361e-03 3.620485566619160989e-03 4.965277179638173388e-01 5.455062961637498903e-03 2.930591389100197786e-01 3.620485566619160989e-03 6.374472024414181565e-03 4.342915555430790914e-03 5.524491065376878687e-03
5.429613907788869917e-03 1.521263429870260177e-02 3.129478473159874596e-01 6.250090296187981939e-03 1.655194470184401592e-02 7.865101045620959477e-03 3.129478473159874596e-01 3.730271464766558853e-02 2.094314553091515818e-01 7.606075116106339462e-02
7.050495453351854477e-04 2.023292306912811631e-02 1.069182775386189402e-03 9.605442250162512076e-04 9.630964787522245940e-01 1.279377763267877883e-03 1.069182775386189402e-03 7.085791239742155953e-03 1.368768037614242908e-03 3.132701816899414321e-03
4.439151452703397199e-02 1.779905785452638722e-03 6.799262363813827516e-04 8.987524666673694096e-01 1.102700675358585973e-03 4.953281996859851266e-02 6.799262363813827516e-04 1.224855915434417894e-03 8.117352302409704470e-04 1.044148757748692303e-03
3.886326730521218464e-01 4.552163698870668497e-03 1.888841978499131808e-03 5.205744354006491825e-01 2.917598871354708853e-03 7.128713238914030637e-02 1.888841978499131808e-03 3.228652473096439886e-03 2.231485756650621564e-03 2.798174401118048125e-03
1.075054258885779421e-02 7.109409477733950045e-01 1.090008606052633028e-02 1.616035872293205417e-02 8.381068434664779021e-02 2.547339886691696656e-02 1.090008606052633028e-02 8.119857950521371104e-02 1.480839319551431783e-02 3.505692287946980679e-02
8.569881304257392918e-02 8.071653366575951699e-03 3.070639141353376927e-03 3.190650663025026423e-01 4.831790304289689669e-03 5.619679358169962224e-01 3.070639141353376927e-03 5.668119629461095335e-03 3.716321004270490939e-03 4.839022250623135207e-03
7.492999810938228214e-03 5.723664044175876681e-02 2.636827336299287991e-02 9.864860265659518290e-03 4.073404661473052635e-02 1.453852372415649803e-02 2.636827336299287991e-02 5.080407864546609975e-01 4.384788088703021197e-02 2.655077150750794757e-01
3.284562777198818742e-03 1.568022383332034336e-02 2.500190229365351763e-02 4.115858081574485031e-03 1.345441635022460655e-02 5.800103402783549598e-03 2.500190229365351763e-02 9.239109723926249018e-02 5.139424128709776940e-02 7.638756924412309912e-01
2.206073611102485690e-03 1.012008493681150652e-02 2.004319169929082156e-02 2.742918688291262532e-03 9.020826573459591463e-03 3.823738033983638523e-03 2.004319169929082156e-02 5.691858925834699517e-02 4.324635542354526158e-02 8.318350300758775573e-01
2.257056450206548770e-01 4.184964257793894089e-03 1.658464079233930299e-03 6.934164539994455145e-01 2.675181235948101768e-03 6.336346917483288987e-02 1.658464079233930299e-03 2.894961450059864959e-03 1.959603088118850190e-03 2.482793614678395922e-03
5.454201392875714267e-03 8.114594314884754356e-01 5.175331642982764283e-03 8.041596697314115985e-03 1.010948646940849210e-01 1.146155752093731307e-02 5.175331642982764283e-03 3.096133578051121077e-02 6.708991120388418938e-03 1.446735801944768439e-02
4.817314049537889799e-04 1.205044322639086622e-03 4.242600310176265488e-01 5.527526110048175921e-04 1.177772812328953776e-03 7.102937486481491949e-04 4.242600310176265488e-01 3.020768462528592314e-03 1.371627436990096038e-01 7.168830903633843267e-03
4.985899376448701872e-04 1.102075948438068203e-03 4.755853354846882319e-01 5.622278413082922336e-04 1.073285931777362943e-03 7.108110636563613185e-04 4.755853354846882319e-01 2.470498178556126707e-03 3.735542721833373658e-02 5.056412910908775205e-03
8.835364202232647013e-02 5.551848851950988775e-03 2.100808927572087297e-03 6.355111580734881249e-01 3.376796478992523647e-03 2.533663731048855228e-01 2.100808927572087297e-03 3.841571886576310851e-03 2.525041425726559478e-03 3.271950300909315292e-03
4.062244720094233125e-02 6.071917315752645844e-03 1.927267288942126171e-03 2.827832429752099030e-01 3.528442176661871453e-03 6.537665041914965114e-01 1.927267288942126171e-03 3.864787775915529914e-03 2.338973624383827027e-03 3.169150161753023654e-03
2.955975744028411234e-01 6.305020529411739863e-03 2.657514090424422434e-03 5.473088779591993580e-01 3.983796853337419341e-03 1.298210051154850275e-01 2.657514090424422434e-03 4.548664284083912650e-03 3.158094828232275476e-03 3.961937846560269379e-03
6.358147147982534837e-03 3.064618717175142115e-01 1.135772637350871209e-02 8.743364020222559735e-03 4.333855004056231253e-01 1.227252636678325889e-02 1.135772637350871209e-02 1.508269264406884858e-01 1.539440278731953222e-02 4.384180836684888061e-02
7.260584093040386641e-03 4.902008375006779439e-01 1.203035998780218122e-02 1.014957986763373454e-02 2.139660523835915096e-01 1.468291814525441927e-02 1.203035998780218122e-02 1.749087019026341894e-01 1.657715553243054377e-02 4.819345059913293650e-02
7.873680310020703121e-02 8.664818734108289261e-03 3.314419739539475537e-03 2.461970518830480514e-01 5.157001305485163674e-03 6.392115467063126388e-01 3.314419739539475537e-03 6.134725443061505613e-03 4.023004685690080399e-03 5.246208663008387375e-03
2.539997176937769385e-01 1.682007003868402073e-02 5.983049016297450201e-03 5.322594661528513571e-01 1.090580661808865717e-02 1.470257628687852702e-01 5.983049016297450201e-03 1.088828539950702570e-02 7.034507207312554015e-03 9.100285988399320347e-03
5.859570391226951586e-03 2.214872071029878181e-02 6.855060950615435300e-02 7.178936378043606313e-03 1.928288435912193718e-02 9.961586483005985607e-03 6.855060950615435300e-02 9.215789805028919146e-02 1.732908879980372130e-01 5.330182966176676418e-01
2.327466171572977870e-03 8.593246967392059732e-01 2.865684803256647682e-03 3.333836991615200286e-03 8.847275968649082056e-02 4.758533855498185867e-03 2.865684803256647682e-03 2.314149016362485045e-02 3.791463374603155911e-03 9.118383410875501027e-03
6.485576950563219992e-03 2.575893647929352048e-01 1.223909049166688190e-02 8.863465864420490975e-03 4.530558727458598445e-01 1.238365431487457001e-02 1.223909049166688190e-02 1.721809529529290395e-01 1.661717814904612248e-02 4.834575324603768848e-02
2.435137360238606285e-03 9.265583859181737436e-01 2.424061942975270275e-03 3.634765786394374837e-03 2.922413341913259605e-02 5.482793069759776643e-03 2.424061942975270275e-03 1.715800969319972516e-02 3.229418994726771398e-03 7.429231872423858532e-03
3.108281704457580875e-03 1.120529993703120314e-01 4.220360101987180243e-03 4.291304507311057004e-03 8.219669703328790211e-01 5.750502808349831733e-03 4.220360101987180243e-03 2.689813645042724369e-02 5.400184221584843069e-03 1.209090040070394216e-02
7.301786982332757019e-03 1.913287583008695114e-01 1.618210931277030973e-02 9.837096041286986017e-03 3.537524482886288957e-01 1.367063862129020389e-02 1.618210931277030973e-02 2.985332289412648277e-01 2.225779048504749127e-02 7.095403371373880386e-02
2.184943837717895909e-01 5.185165543547169339e-03 2.008267367281873529e-03 6.887737940926668134e-01 3.321775289592459723e-03 7.128440736107333198e-02 2.008267367281873529e-03 3.536795259222525519e-03 2.370472993833442395e-03 3.016670953710780430e-03
2.069668611505250284e-03 4.272087809630283756e-03 4.318491383223309610e-01 2.311209681102351868e-03 4.141487193353585866e-03 2.896805918370384640e-03 4.318491383223309610e-01 9.065354739308566917e-03 9.415395572742046859e-02 1.739115367464708420e-02
3.246663936316081852e-03 8.582737110210965081e-01 3.403828574799202828e-03 4.727404482874906014e-03 8.343147512415645395e-02 6.725847521883668301e-03 3.403828574799202828e-03 2.242366048277426999e-02 4.439342024771343598e-03 9.924238256528801830e-03
7.068470133709535697e-01 8.700733332651413784e-03 4.491349140217214958e-03 1.648151379887473067e-01 5.776286840411457707e-03 8.655765054729495922e-02 4.491349140217214958e-03 6.841722543459293794e-03 5.255088406817068521e-03 6.223668689230308151e-03
4.511567103858583373e-03 4.855410631722626574e-02 1.755904858612224520e-02 5.840223012304131094e-03 6.601649200668499584e-02 8.015893796973354996e-03 1.755904858612224520e-02 6.756415204217278703e-01 2.579595201147357603e-02 1.305061481575068849e-01
3.670578164726611987e-03 1.483911974602694465e-02 5.745817695230914790e-02 4.470200776656495754e-03 1.430582303634042769e-02 6.065281573386514108e-03 5.745817695230914790e-02 6.715467406290157037e-02 1.451153104166171548e-01 6.294626583187260538e-01
1.084357678165255578e-02 1.248063915790951633e-01 2.378946706227104760e-02 1.404950316099319758e-02 5.654464192146047008e-01 1.804180319453835626e-02 2.378946706227104760e-02 1.239843517921768723e-01 2.966895183706235242e-02 6.558006831533468028e-02
2.002471938329855941e-02 1.347676464285396496e-03 4.767360101515026962e-04 9.270134718763755055e-01 8.198929755115153331e-04 4.762535350312192134e-02 4.767360101515026962e-04 8.941275587615004879e-04 5.715644400877040090e-04 7.497217782548638333e-04
2.371658548229687354e-03 6.547823923190092439e-03 3.464910241605504981e-01 2.738374431055632611e-03 6.780171756938079691e-03 3.495007949554720071e-03 3.464910241605504981e-01 1.700886291248622853e-02 2.281053007180222358e-01 3.997075143942231679e-02
3.989451721845113825e-03 1.577419814452244926e-02 6.598912998637325444e-02 4.848975903888506737e-03 1.516402388775587966e-02 6.572441319044464506e-03 6.598912998637325444e-02 6.915635945496045878e-02 1.728884221543576516e-01 5.796278674408789078e-01
3.197564978187044781e-04 7.796198350952461597e-04 4.563128998593302676e-01 3.658938228959613347e-04 7.574292441368500606e-04 4.696046095475050661e-04 4.563128998593302676e-01 1.917472978899872980e-03 7.831619076819837377e-02 4.448232524746752008e-03
3.163193682736465794e-03 7.816868567958362712e-01 4.050848556137587493e-03 4.505659047987000190e-03 1.438492281901503633e-01 6.403728723744193073e-03 4.050848556137587493e-03 3.386273232891982149e-02 5.364392204144614353e-03 1.306251191420612287e-02
9.141531942107725128e-02 2.427069368203609544e-03 9.545747236859993901e-04 8.468457374766001911e-01 1.524920742436846948e-03 5.161119771151737035e-02 9.545747236859993901e-04 1.686259515380986651e-03 1.134645917709417888e-03 1.445700399702496645e-03
5.472549340128562978e-01 2.547038123312474200e-02 1.570145330640943665e-02 1.957220950806904947e-01 1.826896013678984063e-02 1.231338311961121118e-01 1.570145330640943665e-02 2.112038525563173300e-02 1.778724810951765392e-02 1.983925836245828064e-02
3.331733474522716176e-03 8.848548006456558729e-03 3.624693753087236403e-01 3.819010970118735630e-03 9.329128950726997896e-03 4.817340201020793578e-03 3.624693753087236403e-01 2.149089376964694389e-02 1.782252147551870725e-01 4.519937925487312741e-02
2.958096181329507735e-03 2.070126237772296901e-02 1.685611394931840409e-02 3.770557029247828019e-03 2.032929259418012058e-02 5.261674276079448404e-03 1.685611394931840409e-02 3.318545561335227156e-01 2.883201991476329329e-02 5.525803135945174249e-01
9.508703961080458133e-04 2.408155024069662427e-03 8.071135694233882996e-02 1.102304994936681133e-03 2.227126804185521405e-03 1.448484293058591816e-03 8.071135694233882996e-02 6.363532317889255586e-03 8.072929638201614688e-01 1.678384846491319526e-02
2.502415456684395183e-03 1.595577728762542433e-02 1.703916586795423127e-02 3.155371701159466122e-03 1.660570817098623933e-02 4.345180311001645146e-03 1.703916586795423127e-02 1.737914592317036100e-01 2.950007055756228430e-02 7.200656855473683837e-01
1.979636479418016466e-03 1.018499103749590483e-02 1.997677210595972738e-02 2.449541453771796572e-03 1.067038617358196870e-02 3.324090828547153660e-03 1.997677210595972738e-02 6.519808675606550419e-02 3.752527008312379897e-02 8.287144529760764877e-01
8.084780997540842859e-04 2.061476150290551292e-03 4.373935233582445514e-01 9.264471799244422632e-04 2.075311449039308163e-03 1.180760538405643085e-03 4.373935233582445514e-01 5.102913253371478899e-03 1.014649807681366339e-01 1.159258584458876425e-02
4.844587697035238337e-05 1.133453442292660970e-04 4.959344835697619969e-01 5.510798585866459397e-05 1.101361862900118900e-04 7.031861804846806262e-05 4.959344835697619969e-01 2.681446572087627794e-04 6.875940485830751153e-03 5.895937060395623364e-04
2.816667228320636398e-03 1.244774711209742923e-01 3.885452955564557779e-03 3.901158204217835841e-03 8.125053483655482189e-01 5.277881507859761082e-03 3.885452955564557779e-03 2.673035275556285076e-02 5.009342933131539881e-03 1.151087197325594003e-02
1.555251829480821905e-02 2.480875832189977370e-01 2.678484292762980251e-02 2.190898309377078967e-02 1.007271134993125428e-01 3.417111909677981313e-02 2.678484292762980251e-02 3.630677970455171155e-01 3.936861141445147094e-02 1.235465884811026288e-01
5.768687404701641763e-02 5.741336761177074158e-03 2.031389673331694852e-03 4.014926174809833048e-01 3.412914004895947762e-03 5.180363568939907459e-01 2.031389673331694852e-03 3.865059187546824541e-03 2.456559761401058174e-03 3.245502516325259827e-03
3.747239436256220683e-03 2.406199620897950253e-01 5.593886434188189913e-03 5.202275435376901326e-03 6.576445821790021240e-01 7.190791563267905605e-03 5.593886434188189913e-03 4.872467519075667636e-02 7.363587709380043853e-03 1.831911352778863716e-02
1.720798423677811703e-02 1.469297379167391893e-01 3.506805592987117387e-02 2.198860500456395820e-02 4.593283270606987601e-01 2.745566825820062312e-02 3.506805592987117387e-02 1.330039394642402728e-01 4.221663525947024626e-02 8.173299093956644390e-02
3.493148204419165362e-03 2.278746780651721981e-02 1.883713816277947720e-02 4.471010855789674457e-03 1.988886476795793945e-02 6.344657177356198378e-03 1.883713816277947720e-02 2.770390563191215683e-01 3.347321320152121804e-02 5.948283053417581234e-01
2.119475180243282544e-03 5.794601730455407884e-03 9.404316361792332268e-02 2.487076927220273175e-03 5.287843754590954362e-03 3.311928849239824304e-03 9.404316361792332268e-02 1.658965960464103828e-02 7.265027839007986987e-01 4.982030281696392393e-02
6.267617040475494117e-03 5.075915004486931947e-02 3.235969666836206043e-02 7.958055522456170677e-03 6.805827001186932901e-02 1.076438681568975264e-02 3.235969666836206043e-02 4.702762422704825362e-01 4.827825214028834411e-02 2.729186328171450127e-01
2.944766946039983901e-01 7.135572979563185522e-03 2.771312422208496631e-03 5.907381464690439898e-01 4.608732975965424729e-03 8.523457778580739719e-02 2.771312422208496631e-03 4.857772577813142603e-03 3.262664573554841397e-03 4.143213189836753713e-03
3.945346582434504888e-03 6.818368413500720537e-01 5.194552191393393172e-03 5.591348826312015664e-03 2.229061281909405778e-01 7.898061561933473335e-03 5.194552191393393172e-03 4.377618905095118085e-02 6.869454560402896495e-03 1.678752549416646575e-02
3.833406378421779295e-03 1.622646930152870509e-02 3.818480668688231661e-02 4.740192785669582187e-03 1.426750252788765334e-02 6.602354478964718963e-03 3.818480668688231661e-02 7.968032084173813645e-02 8.744669058917187154e-02 7.108334497228528948e-01
1.259609607964836536e-03 3.062933212378150544e-03 4.409055171661412365e-01 1.431977201777877686e-03 3.112835056391196828e-03 1.806038796675200247e-03 4.409055171661412365e-01 7.147577034081959921e-03 8.548066756154289181e-02 1.488732719690544735e-02
1.740599436650169590e-03 6.123491383359725565e-02 2.482109770398181151e-03 2.393105335712406197e-03 8.994622924328281588e-01 3.209712073796104626e-03 2.482109770398181151e-03 1.654481846983644686e-02 3.185509498957191966e-03 7.264829377825786708e-03
1.888997966660689760e-03 9.516586257313178199e-03 1.978340092529435115e-02 2.334210465437860319e-03 9.893957978643931617e-03 3.167380570602125467e-03 1.978340092529435115e-02 5.899984465010461865e-02 3.783623830943749072e-02 8.367959819512115205e-01
3.816579956868604816e-03 7.376835071628299635e-03 3.913491922859941297e-01 4.237299430876229588e-03 6.962995541122867470e-03 5.320279175865153844e-03 3.913491922859941297e-01 1.522185737585022083e-02 1.457619900521353873e-01 2.860377882366498328e-02
4.495732776012197895e-01 7.666614221763589677e-03 3.089666530682097251e-03 4.364750217105837771e-01 5.010993124909416188e-03 8.161247704854983354e-02 3.089666530682097251e-03 5.301831148355757271e-03 3.624547404700946898e-03 4.555904678552723068e-03
3.842918996134135970e-03 8.296014992798468324e-01 4.965916149756191729e-03 5.546698834753534604e-03 6.901836262345258100e-02 8.251657249150511769e-03 4.965916149756191729e-03 4.952940161805165914e-02 6.759664424238401650e-03 1.751796467485978656e-02
4.630065970452105009e-03 3.485013984110160723e-02 2.621845291402815151e-02 5.875710154837412123e-03 4.092664072148393534e-02 8.031664414539946631e-03 2.621845291402815151e-02 4.462531059818851120e-01 4.145854718756058349e-02 3.655372199000830324e-01
3.947601417059778441e-03 1.743095313730489565e-02 5.774301374675171877e-02 4.813589020175075214e-03 1.822089842080766922e-02 6.456618688291777645e-03 5.774301374675171877e-02 8.417268451907504445e-02 1.179580801530252104e-01 6.315135471507571374e-01
3.249847724154601020e-03 7.931799698962586909e-02 6.386821629339503245e-03 4.359178390631275601e-03 8.044485714789161301e-01 5.873130583190646660e-03 6.386821629339503245e-03 5.958498782645662434e-02 8.388500168646574259e-03 2.200414357969909807e-02
3.427984587866694799e-03 1.003842161871138818e-02 2.957075296028569555e-01 3.982348470578695940e-03 1.056259419850775864e-02 5.097678979225036579e-03 2.957075296028569555e-01 2.724826218585770649e-02 2.817304497445209388e-01 6.649720100901795883e-02
1.102966199621308128e-03 2.556741683115619588e-03 3.560330157837570120e-01 1.258895375847318655e-03 2.411389297956136220e-03 1.623599410397257503e-03 3.560330157837570120e-01 6.152035011296520285e-03 2.587641630101735757e-01 1.406417844407813200e-02
8.456596922428707974e-02 1.262003850214778698e-02 3.794116781519490337e-03 5.810220960155874081e-01 7.490627742379674797e-03 2.882757354584094545e-01 3.794116781519490337e-03 7.666870646408366179e-03 4.564933258812569651e-03 6.205495588928570082e-03
5.412024967029203104e-01 1.088738381206393740e-02 4.521088083852002094e-03 3.227022500848031883e-01 7.269979223131268001e-03 8.948053034304639941e-02 4.521088083852002094e-03 7.591123958128769000e-03 5.268587993716578564e-03 6.555471714485416358e-03
3.499801573163116662e-03 7.335431690411838707e-03 3.121987536656851692e-01 3.960353588682140151e-03 6.688247205262505372e-03 5.112748040017184303e-03 3.121987536656851692e-01 1.655472154858752057e-02 2.974194168522024118e-01 3.503177217030302437e-02
4.245266894409063796e-02 5.139810057376880889e-03 1.741833539524753355e-03 2.921641792703752460e-01 3.021188800156578754e-03 6.454170843934945445e-01 1.741833539524753355e-03 3.389994712965197204e-03 2.111308805458621349e-03 2.820097937032798718e-03
6.931879099335634953e-01 8.435367103270788661e-03 3.725120011106425408e-03 2.044410466063585619e-01 5.698241680141853151e-03 6.511697517885707553e-02 3.725120011106425408e-03 6.051439085279448904e-03 4.324244213070814122e-03 5.294536177244994583e-03
4.102154376146052023e-02 3.360672861466006914e-03 1.168241251650884794e-03 7.877355287758479596e-01 2.022655206046661443e-03 1.580438883653760285e-01 1.168241251650884794e-03 2.219358082529453158e-03 1.405174172305866977e-03 1.854696271665786083e-03
2.015422712840400480e-04 5.247413666332899265e-04 3.102732832265186341e-02 2.334193394544331049e-04 4.997144352054210242e-04 3.043912160388396971e-04 3.102732832265186341e-02 1.398476965491516873e-03 9.310823398987753130e-01 3.700717861813535535e-03
1.641535320174767124e-02 1.035384230316522668e-03 3.696753143081101651e-04 9.442820173070691769e-01 6.315832876657309853e-04 3.518401273812599844e-02 3.696753143081101651e-04 6.898283041247454299e-04 4.429174997862041501e-04 5.795528025477329108e-04
3.344501747994329394e-03 6.627443202830868296e-02 5.187885038177809591e-03 4.499214533884655746e-03 8.591098347043930605e-01 5.877008375644829884e-03 5.187885038177809591e-03 2.968854887859596545e-02 6.539992707622105557e-03 1.429069694720091176e-02
2.734697975558204874e-03 8.600018050772260114e-01 3.592737327381870238e-03 3.921922381597319276e-03 6.804853048659818826e-02 5.735777466372034804e-03 3.592737327381870238e-03 3.507057080542906602e-02 4.851542001478892883e-03 1.244967915097666862e-02
1.839096630898132967e-01 9.656077124153485125e-03 3.454612051626071607e-03 6.641689784407486252e-01 6.157122320506827791e-03 1.135237737571906796e-01 3.454612051626071607e-03 6.308402077000718582e-03 4.080772467920993490e-03 5.285986619413128758e-03
7.773998592586087164e-02 7.675294316252782682e-03 2.891008865050630986e-03 2.982528910513005393e-01 4.581124482963633282e-03 5.925285638235121555e-01 2.891008865050630986e-03 5.366789751828453074e-03 3.501445392253580476e-03 4.571887525926882946e-03
2.220685295946275839e-01 3.923676400990744155e-03 1.565882218863279274e-03 6.991076644877134427e-01 2.503842956167163722e-03 6.234232275865331241e-02 1.565882218863279274e-03 2.727414263721347331e-03 1.851522361644028503e-03 2.343262738755724165e-03
9.044596964009960632e-03 4.141121555896765671e-01 9.881657598380767099e-03 1.282492708960306961e-02 4.316835879740755222e-01 1.733987706437631685e-02 9.881657598380767099e-03 5.590651276202073666e-02 1.258975899005660391e-02 2.673526836941981719e-02
1.285519259101116848e-02 2.052823016658113318e-03 6.815274346564096286e-04 6.025817317048723365e-02 1.185542961569813940e-03 9.189810405292770934e-01 6.815274346564096286e-04 1.352510204322462722e-03 8.309389846983039401e-04 1.120723672663034767e-03
2.233283937341641340e-03 2.032396124797994363e-02 8.570148227094634419e-03 2.923343249727140131e-03 1.704713528317286161e-02 4.197915809957200248e-03 8.570148227094634419e-03 8.139095098072871570e-01 1.389989805904530938e-02 1.083246561512993950e-01
3.358373363482736185e-02 1.213307829274870055e-02 3.205171408792751968e-03 1.154913053736122686e-01 6.554934225955773297e-03 8.090825334900566546e-01 3.205171408792751968e-03 7.150894509637920060e-03 3.953633349526401546e-03 5.639544306049553563e-03
4.424635048990195822e-31 5.004014577426776784e-30 1.548926597385659120e-30 5.818212966966030179e-31 4.702353977539011319e-30 8.265775450809759758e-31 1.548926597385659120e-30 1.000000000000000000e+00 2.393258994047217675e-30 1.479302462107343460e-29
7.762674177657370375e-03 5.677263605391045381e-02 2.811073480985173609e-02 1.019464948288096098e-02 4.063692827458610657e-02 1.501527724320855101e-02 2.811073480985173609e-02 4.759202810974763609e-01 4.715750696344481185e-02 2.903185770871318794e-01
4.829704435531055433e-03 4.126488100518939384e-02 2.362256023241469591e-02 6.170158489818084770e-03 5.183657273253919340e-02 8.430352864436104626e-03 2.362256023241469591e-02 5.681875998442751374e-01 3.595934414904749382e-02 2.360762660143341518e-01
7.318823377200846421e-04 1.799535384330646411e-03 3.235999908201782627e-01 8.401293273597949850e-04 1.725565360799685135e-03 1.084889286536701173e-03 3.235999908201782627e-01 4.513187400956870238e-03 3.312493955006211577e-01 1.085543376131853019e-02
2.243201292714097975e-03 1.144902675650772902e-02 2.315434485364272627e-02 2.772483567357164353e-03 1.205975074680165626e-02 3.756296840103054511e-03 2.315434485364272627e-02 7.153843468722476118e-02 4.341664131439590402e-02 8.064554750876101741e-01
5.829847475507244730e-30 1.273518696701166669e-30 4.032994505690109869e-31 2.198105593132219153e-29 7.189509662922247601e-31 1.000000000000000000e+00 4.032994505690109869e-31 8.265775450809759758e-31 4.948414174097112058e-31 6.780943799688112035e-31
5.972062546677573205e-03 4.216293326408276365e-01 7.217711742760031350e-03 8.433908085206682365e-03 4.601860409950905839e-01 1.156757326768596827e-02 7.217711742760031350e-03 4.752387873546622121e-02 9.318465124863763160e-03 2.093331511866146702e-02
7.532208330060462774e-04 1.907721933830610304e-03 4.440112827736019674e-01 8.623475481405185050e-04 1.919932194069826244e-03 1.098137307068750099e-03 4.440112827736019674e-01 4.692155803907424073e-03 9.017395963507343626e-02 1.056995919769932943e-02
5.940534099229457035e-03 8.253238963586103649e-01 6.157460792993334209e-03 8.867864459904549815e-03 5.900312039947900461e-02 1.366973336178097659e-02 6.157460792993334209e-03 4.685185608923411738e-02 8.311751905229054077e-03 1.971632174054572390e-02
1.064074518021648259e-04 2.551431615311671244e-04 4.923395173437392636e-01 1.211615960310319173e-04 2.523172562749309133e-04 1.540877120755985356e-04 4.923395173437392636e-01 6.066527232135678679e-04 1.249916682546951645e-02 1.326028586123239933e-03
2.834217702607401065e-03 7.969447374812740903e-03 3.303332801377829586e-01 3.277582685871189075e-03 8.319969358161915032e-03 4.182614940918857015e-03 3.303332801377829586e-01 2.089072670274950971e-02 2.426991095046014124e-01 4.915977145471126658e-02
4.792066862305716102e-01 4.657090030221348875e-03 1.968329312565668659e-03 4.289661147455232637e-01 2.991586583777087506e-03 7.168180626906800468e-02 1.968329312565668659e-03 3.334186739926307125e-03 2.324290951638604413e-03 2.901579824142193776e-03
6.479274875698351477e-02 9.329335630821744899e-03 3.549884588688900691e-03 1.733512943949174212e-01 5.485446821852896226e-03 7.232742518752810490e-01 3.549884588688900691e-03 6.650642492563531641e-03 4.331888199077476610e-03 5.684622651124555601e-03
5.235092449449307850e-04 1.164442043083699927e-03 4.752886611193451460e-01 5.903777961540012352e-04 1.140471602460898116e-03 7.453561486603633946e-04 4.752886611193451460e-01 2.609426690621721896e-03 3.732992306651385789e-02 5.319171168870356209e-03
